[Request]  0	1	500.000000
[ALLOC]    500.00
[INFO]     500.00	5.00	0.50000
[Request]  1	1	450.000000
[ALLOC]    0.00
[INFO]     500.00	5.00	0.23000
[Request]  1	1	450.000000
[ALLOC]    0.00
[INFO]     500.00	5.00	0.00001
[Request]  1	1	450.000000
[ALLOC]    0.00
[INFO]     500.00	5.00	0.00001
[Request]  1	1	450.000000
[ALLOC]    0.00
[INFO]     500.00	5.00	0.00001
[Request]  1	1	450.000000
[ALLOC]    0.00
[INFO]     500.00	5.00	0.00001
[Request]  1	1	450.000000
[ALLOC]    0.00
[INFO]     500.00	5.00	0.00001
[Request]  1	1	450.000000
[ALLOC]    0.00
[INFO]     500.00	5.00	0.00001
[Request]  1	1	450.000000
[ALLOC]    0.00
[INFO]     500.00	5.00	0.00001
[Request]  1	1	450.000000
[ALLOC]    0.00
[INFO]     500.00	5.00	0.00001
[Request]  1	1	450.000000
[ALLOC]    0.00
[INFO]     500.00	5.00	0.00001
[Request]  1	1	450.000000
[ALLOC]    0.00
[INFO]     500.00	5.00	0.00001
[Request]  1	1	450.000000
[ALLOC]    0.00
[INFO]     500.00	5.00	0.00001
[Request]  1	1	450.000000
[ALLOC]    0.00
[INFO]     500.00	5.00	0.00001
[Request]  1	1	450.000000
[ALLOC]    0.00
[INFO]     500.00	5.00	0.00001
[Request]  1	1	450.000000
[ALLOC]    0.00
[INFO]     500.00	5.00	0.00001
[Request]  1	1	450.000000
[ALLOC]    0.00
[INFO]     500.00	5.00	0.00001
[Request]  1	1	450.000000
[ALLOC]    0.00
[INFO]     500.00	5.00	0.00001
[Request]  1	1	450.000000
[ALLOC]    0.00
[INFO]     500.00	5.00	0.00001
[Request]  1	1	450.000000
[ALLOC]    0.00
[INFO]     500.00	5.00	0.00001
[Request]  1	1	450.000000
[ALLOC]    0.00
[INFO]     500.00	5.00	0.00001
[Request]  1	1	450.000000
[ALLOC]    0.00
[INFO]     500.00	5.00	0.00001
[Request]  1	1	450.000000
[ALLOC]    0.00
[INFO]     500.00	5.00	0.00001
[Request]  1	1	450.000000
[ALLOC]    0.00
[INFO]     500.00	5.00	0.00001
[Request]  1	1	450.000000
[ALLOC]    0.00
[INFO]     500.00	5.00	0.00001
[Request]  1	1	450.000000
[ALLOC]    0.00
[INFO]     500.00	5.00	0.00001
[Request]  1	1	450.000000
[ALLOC]    0.00
[INFO]     500.00	5.00	0.00001
[Request]  1	1	450.000000
[ALLOC]    0.00
[INFO]     500.00	5.00	0.00001
[Request]  1	1	450.000000
[ALLOC]    0.00
[INFO]     500.00	5.00	0.00001
[Request]  1	1	450.000000
[ALLOC]    0.00
[INFO]     500.00	5.00	0.00001
[Request]  1	1	450.000000
[ALLOC]    0.00
[INFO]     500.00	5.00	0.00001
[Request]  1	1	450.000000
[ALLOC]    0.00
[INFO]     500.00	5.00	0.00001
[Request]  1	1	450.000000
[ALLOC]    0.00
[INFO]     500.00	5.00	0.00001
[Request]  1	1	450.000000
[ALLOC]    0.00
[INFO]     500.00	5.00	0.00001
[Request]  1	1	450.000000
[ALLOC]    0.00
[INFO]     500.00	5.00	0.00001
[Request]  1	1	450.000000
[ALLOC]    0.00
[INFO]     500.00	5.00	0.00001
[Request]  1	1	450.000000
[ALLOC]    0.00
[INFO]     500.00	5.00	0.00001
[Request]  1	1	450.000000
[ALLOC]    0.00
[INFO]     500.00	5.00	0.00001
[Request]  1	1	450.000000
[ALLOC]    0.00
[INFO]     500.00	5.00	0.00001
[Request]  1	1	450.000000
[ALLOC]    0.00
[INFO]     500.00	5.00	0.00001
[Request]  1	1	450.000000
[ALLOC]    0.00
[INFO]     500.00	5.00	0.00001
[Request]  1	1	450.000000
[ALLOC]    0.00
[INFO]     500.00	5.00	0.00001
[Request]  1	1	450.000000
[ALLOC]    0.00
[INFO]     500.00	5.00	0.00001
[Request]  1	1	450.000000
[ALLOC]    0.00
[INFO]     500.00	5.00	0.00001
[Request]  1	1	450.000000
[ALLOC]    0.00
[INFO]     500.00	5.00	0.00001
[Request]  1	1	450.000000
[ALLOC]    0.00
[INFO]     500.00	5.00	0.00001
[Request]  1	1	450.000000
[ALLOC]    0.00
[INFO]     500.00	5.00	0.00001
[Request]  1	1	450.000000
[ALLOC]    0.00
[INFO]     500.00	5.00	0.00001
[Request]  1	1	450.000000
[ALLOC]    0.00
[INFO]     500.00	5.00	0.00001
[Request]  1	1	450.000000
[ALLOC]    0.00
[INFO]     500.00	5.00	0.00001
-1 -1 -1
