100.00 1.00 1.00000
200.00 2.00 1.00000
300.00 3.00 1.00000
400.00 4.00 1.00000
500.00 5.00 1.00000
600.00 6.00 1.00000
700.00 7.00 1.00000
720.00 7.00 0.98000
820.00 8.00 0.98000
920.00 9.00 1.00000
1020.00 10.00 1.00000
1120.00 11.00 1.00000
1220.00 12.00 1.00000
1320.00 13.00 1.00000
1420.00 14.00 1.00000
1520.00 15.00 1.00000
1620.00 16.00 1.00000
1720.00 17.00 1.00000
1820.00 18.00 1.00000
1860.00 18.00 0.96000
1960.00 19.00 0.96000
2060.00 20.00 1.00000
2160.00 21.00 1.00000
2260.00 22.00 1.00000
2360.00 23.00 1.00000
2460.00 24.00 1.00000
2560.00 25.00 1.00000
2595.00 25.00 0.96500
2695.00 26.00 0.96500
2795.00 27.00 1.00000
2895.00 28.00 1.00000
2995.00 29.00 1.00000
3095.00 30.00 1.00000
3195.00 31.00 1.00000
3220.00 31.00 0.97500
3320.00 32.00 0.97500
3420.00 33.00 1.00000
3520.00 34.00 1.00000
3620.00 35.00 1.00000
3720.00 36.00 1.00000
3820.00 37.00 1.00000
3920.00 38.00 1.00000
3935.00 38.00 0.98500
4035.00 39.00 0.98500
4135.00 40.00 1.00000
4235.00 41.00 1.00000
4335.00 42.00 1.00000
4435.00 43.00 1.00000
4535.00 44.00 1.00000
4635.00 45.00 1.00000
-1 -1 -1
