[Request]  0	0	50.000000
[ALLOC]    30.00
[INFO]     30.00	0.00	0.50000
[Request]  0	0	50.000000
[ALLOC]    30.00
[INFO]     60.00	0.00	0.53000
[Request]  0	0	50.000000
[ALLOC]    30.00
[INFO]     90.00	0.00	0.56000
[Request]  0	0	50.000000
[ALLOC]    0.00
[INFO]     90.00	0.00	0.59000
[Request]  0	0	50.000000
[ALLOC]    30.00
[INFO]     120.00	0.00	0.62000
[Request]  0	0	50.000000
[ALLOC]    0.00
[INFO]     120.00	0.00	0.65000
[Request]  0	0	50.000000
[ALLOC]    30.00
[INFO]     150.00	0.00	0.68000
[Request]  0	0	50.000000
[ALLOC]    30.00
[INFO]     180.00	0.00	0.71000
[Request]  0	0	50.000000
[ALLOC]    0.00
[INFO]     180.00	0.00	0.74000
[Request]  0	0	50.000000
[ALLOC]    30.00
[INFO]     210.00	0.00	0.77000
[Request]  0	1	500.000000
[ALLOC]    500.00
[INFO]     710.00	5.00	0.80000
[Request]  1	1	450.000000
[ALLOC]    450.00
[INFO]     1160.00	5.00	0.53000
[Request]  1	1	400.000000
[ALLOC]    400.00
[INFO]     1560.00	5.00	0.26333
[Request]  0	0	50.000000
[ALLOC]    0.00
[INFO]     1560.00	5.00	0.26333
[Request]  0	0	50.000000
[ALLOC]    30.00
[INFO]     1590.00	5.00	0.66333
[Request]  0	0	50.000000
[ALLOC]    30.00
[INFO]     1620.00	5.00	0.69333
[Request]  0	0	50.000000
[ALLOC]    0.00
[INFO]     1620.00	5.00	0.72333
[Request]  0	0	50.000000
[ALLOC]    30.00
[INFO]     1650.00	5.00	0.75333
[Request]  0	0	50.000000
[ALLOC]    30.00
[INFO]     1680.00	5.00	0.78333
[Request]  0	0	50.000000
[ALLOC]    0.00
[INFO]     1680.00	5.00	0.81333
[Request]  0	0	50.000000
[ALLOC]    30.00
[INFO]     1710.00	5.00	0.84333
[Request]  0	0	50.000000
[ALLOC]    30.00
[INFO]     1740.00	5.00	0.87333
[Request]  0	0	50.000000
[ALLOC]    30.00
[INFO]     1770.00	5.00	0.90333
[Request]  0	1	500.000000
[ALLOC]    500.00
[INFO]     2270.00	10.00	0.93333
[Request]  1	1	450.000000
[ALLOC]    450.00
[INFO]     2720.00	10.00	0.66333
[Request]  1	1	400.000000
[ALLOC]    400.00
[INFO]     3120.00	10.00	0.39667
[Request]  0	0	50.000000
[ALLOC]    0.00
[INFO]     3120.00	10.00	0.39667
[Request]  0	0	50.000000
[ALLOC]    30.00
[INFO]     3150.00	10.00	0.79667
[Request]  0	0	50.000000
[ALLOC]    0.00
[INFO]     3150.00	10.00	0.82667
[Request]  0	0	50.000000
[ALLOC]    30.00
[INFO]     3180.00	10.00	0.85667
[Request]  0	0	50.000000
[ALLOC]    30.00
[INFO]     3210.00	10.00	0.88667
[Request]  0	0	50.000000
[ALLOC]    30.00
[INFO]     3240.00	10.00	0.91667
[Request]  0	0	50.000000
[ALLOC]    30.00
[INFO]     3270.00	10.00	0.94667
[Request]  0	0	50.000000
[ALLOC]    30.00
[INFO]     3300.00	10.00	0.97667
[Request]  0	0	50.000000
[ALLOC]    30.00
[INFO]     3330.00	10.00	1.00000
[Request]  0	0	50.000000
[ALLOC]    30.00
[INFO]     3360.00	10.00	1.00000
[Request]  0	1	500.000000
[ALLOC]    500.00
[INFO]     3860.00	15.00	1.00000
[Request]  1	1	450.000000
[ALLOC]    450.00
[INFO]     4310.00	15.00	0.73000
[Request]  1	1	400.000000
[ALLOC]    400.00
[INFO]     4710.00	15.00	0.46333
[Request]  0	0	50.000000
[ALLOC]    30.00
[INFO]     4740.00	15.00	0.46333
[Request]  0	0	50.000000
[ALLOC]    0.00
[INFO]     4740.00	15.00	0.49333
[Request]  0	0	50.000000
[ALLOC]    30.00
[INFO]     4770.00	15.00	0.52333
[Request]  0	0	50.000000
[ALLOC]    0.00
[INFO]     4770.00	15.00	0.55333
[Request]  0	0	50.000000
[ALLOC]    30.00
[INFO]     4800.00	15.00	0.58333
[Request]  0	0	50.000000
[ALLOC]    30.00
[INFO]     4830.00	15.00	0.61333
[Request]  0	0	50.000000
[ALLOC]    30.00
[INFO]     4860.00	15.00	0.64333
[Request]  0	0	50.000000
[ALLOC]    0.00
[INFO]     4860.00	15.00	0.67333
[Request]  0	0	50.000000
[ALLOC]    0.00
[INFO]     4860.00	15.00	0.70333
[Request]  0	0	50.000000
[ALLOC]    30.00
[INFO]     4890.00	15.00	0.73333
[Request]  0	1	500.000000
[ALLOC]    500.00
[INFO]     5390.00	20.00	0.76333
[Request]  1	1	450.000000
[ALLOC]    450.00
[INFO]     5840.00	20.00	0.49333
[Request]  1	1	400.000000
[ALLOC]    400.00
[INFO]     6240.00	20.00	0.22667
[Request]  0	0	50.000000
[ALLOC]    30.00
[INFO]     6270.00	20.00	0.22667
[Request]  0	0	50.000000
[ALLOC]    0.00
[INFO]     6270.00	20.00	0.25667
[Request]  0	0	50.000000
[ALLOC]    0.00
[INFO]     6270.00	20.00	0.28667
[Request]  0	0	50.000000
[ALLOC]    0.00
[INFO]     6270.00	20.00	0.31667
[Request]  0	0	50.000000
[ALLOC]    0.00
[INFO]     6270.00	20.00	0.34667
[Request]  0	0	50.000000
[ALLOC]    30.00
[INFO]     6300.00	20.00	0.37667
[Request]  0	0	50.000000
[ALLOC]    30.00
[INFO]     6330.00	20.00	0.40667
[Request]  0	0	50.000000
[ALLOC]    30.00
[INFO]     6360.00	20.00	0.43667
[Request]  0	0	50.000000
[ALLOC]    0.00
[INFO]     6360.00	20.00	0.46667
[Request]  0	0	50.000000
[ALLOC]    30.00
[INFO]     6390.00	20.00	0.49667
[Request]  0	1	500.000000
[ALLOC]    0.00
[INFO]     6390.00	20.00	0.52667
[Request]  0	1	500.000000
[ALLOC]    0.00
[INFO]     6390.00	20.00	0.55667
[Request]  0	1	500.000000
[ALLOC]    500.00
[INFO]     6890.00	25.00	0.58667
[Request]  1	1	450.000000
[ALLOC]    450.00
[INFO]     7340.00	25.00	0.31667
[Request]  1	1	400.000000
[ALLOC]    0.00
[INFO]     7340.00	25.00	0.05000
[Request]  1	1	400.000000
[ALLOC]    0.00
[INFO]     7340.00	25.00	0.00001
[Request]  1	1	400.000000
[ALLOC]    0.00
[INFO]     7340.00	25.00	0.00001
[Request]  1	1	400.000000
[ALLOC]    0.00
[INFO]     7340.00	25.00	0.00001
[Request]  1	1	400.000000
[ALLOC]    0.00
[INFO]     7340.00	25.00	0.00001
[Request]  1	1	400.000000
[ALLOC]    0.00
[INFO]     7340.00	25.00	0.00001
[Request]  1	1	400.000000
[ALLOC]    0.00
[INFO]     7340.00	25.00	0.00001
[Request]  1	1	400.000000
[ALLOC]    0.00
[INFO]     7340.00	25.00	0.00001
[Request]  1	1	400.000000
[ALLOC]    0.00
[INFO]     7340.00	25.00	0.00001
[Request]  1	1	400.000000
[ALLOC]    0.00
[INFO]     7340.00	25.00	0.00001
[Request]  1	1	400.000000
[ALLOC]    0.00
[INFO]     7340.00	25.00	0.00001
[Request]  1	1	400.000000
[ALLOC]    0.00
[INFO]     7340.00	25.00	0.00001
[Request]  1	1	400.000000
[ALLOC]    0.00
[INFO]     7340.00	25.00	0.00001
[Request]  1	1	400.000000
[ALLOC]    0.00
[INFO]     7340.00	25.00	0.00001
[Request]  1	1	400.000000
[ALLOC]    0.00
[INFO]     7340.00	25.00	0.00001
[Request]  1	1	400.000000
[ALLOC]    0.00
[INFO]     7340.00	25.00	0.00001
[Request]  1	1	400.000000
[ALLOC]    0.00
[INFO]     7340.00	25.00	0.00001
[Request]  1	1	400.000000
[ALLOC]    0.00
[INFO]     7340.00	25.00	0.00001
[Request]  1	1	400.000000
[ALLOC]    0.00
[INFO]     7340.00	25.00	0.00001
[Request]  1	1	400.000000
[ALLOC]    0.00
[INFO]     7340.00	25.00	0.00001
[Request]  1	1	400.000000
[ALLOC]    0.00
[INFO]     7340.00	25.00	0.00001
[Request]  1	1	400.000000
[ALLOC]    0.00
[INFO]     7340.00	25.00	0.00001
[Request]  1	1	400.000000
[ALLOC]    0.00
[INFO]     7340.00	25.00	0.00001
[Request]  1	1	400.000000
[ALLOC]    0.00
[INFO]     7340.00	25.00	0.00001
[Request]  1	1	400.000000
[ALLOC]    0.00
[INFO]     7340.00	25.00	0.00001
[Request]  1	1	400.000000
[ALLOC]    0.00
[INFO]     7340.00	25.00	0.00001
[Request]  1	1	400.000000
[ALLOC]    0.00
[INFO]     7340.00	25.00	0.00001
[Request]  1	1	400.000000
[ALLOC]    0.00
[INFO]     7340.00	25.00	0.00001
[Request]  1	1	400.000000
[ALLOC]    0.00
[INFO]     7340.00	25.00	0.00001
[Request]  1	1	400.000000
[ALLOC]    0.00
[INFO]     7340.00	25.00	0.00001
[Request]  1	1	400.000000
[ALLOC]    0.00
[INFO]     7340.00	25.00	0.00001
[Request]  1	1	400.000000
[ALLOC]    0.00
[INFO]     7340.00	25.00	0.00001
[Request]  1	1	400.000000
[ALLOC]    0.00
[INFO]     7340.00	25.00	0.00001
[Request]  1	1	400.000000
[ALLOC]    0.00
[INFO]     7340.00	25.00	0.00001
-1 -1 -1
